0.0
0.0
0.0
0.0
0.0
0.0
0.0
0.0
0.0
0.0
0.0
0.0
0.0
0.0
0.0
0.0
0.0
0.0
0.0
0.0
0.0
0.0
0.0
0.0
0.0
0.0
0.0
0.0
0.0
0.0
0.0
0.0
0.0
0.0
0.0
0.0
0.0
0.0
0.0
0.0
0.0
0.0
0.0
0.0
0.0
0.0
0.0
0.0
0.0
0.0
0.0
0.0
0.0
0.0
0.0
0.0
0.0
0.0
0.0
0.0
0.0
0.0
0.0
0.0
0.0
0.0
0.0
0.0
0.0
0.0
0.0
0.0
0.0
0.0
0.0
0.0
0.0
0.0
0.0
0.0
0.0
0.0
0.0
0.0
0.0
0.0
0.0
0.0
0.0
0.0
0.0
0.0
0.0
0.0
0.0
0.0
0.0
0.0
0.0
0.0
0.0
0.0
0.0
0.0
0.0
0.0
0.0
0.0
0.0
0.0
0.0
0.0
0.0
0.0
0.0
0.0
0.0
0.0
0.0
0.0
0.0
0.0
0.0
0.0
0.0
0.0
0.0
0.0
0.0
0.0
0.0
0.0
0.0
0.0
0.0
0.0
0.0
0.0
0.0
0.0
0.0
0.0
0.0
0.0
0.0
0.0
0.0
0.0
0.0
0.0
0.09019608050584793
0.2862745225429535
0.5921568870544434
0.5921568870544434
0.9215686321258545
0.9333333373069763
0.5921568870544434
0.1882352977991104
0.0
0.0
0.0
0.0
0.0
0.0
0.0
0.0
0.0
0.0
0.0
0.0
0.0
0.0
0.0
0.0
0.0
0.0
0.34117648005485535
0.6509804129600525
0.8823529481887817
0.9960784316062927
0.9960784316062927
0.9960784316062927
0.9960784316062927
0.9960784316062927
0.9960784316062927
0.9215686321258545
0.10588235408067703
0.0
0.0
0.0
0.0
0.0
0.0
0.0
0.0
0.0
0.0
0.0
0.0
0.0
0.0
0.0
0.1411764770746231
0.686274528503418
0.9960784316062927
0.95686274766922
0.8549019694328308
0.5843137502670288
0.2705882489681244
0.03921568766236305
0.03921568766236305
0.03921568766236305
0.5372549295425415
0.9960784316062927
0.6745098233222961
0.0
0.0
0.0
0.0
0.0
0.0
0.0
0.0
0.0
0.0
0.0
0.0
0.0
0.0
0.12156862765550613
0.8666666746139526
0.9960784316062927
0.8313725590705872
0.3137255012989044
0.0
0.0
0.0
0.0
0.0
0.0
0.48627451062202454
0.9960784316062927
0.5568627715110779
0.0
0.0
0.0
0.0
0.0
0.0
0.0
0.0
0.0
0.0
0.0
0.0
0.0
0.0
0.3333333432674408
0.8352941274642944
0.35686275362968445
0.03921568766236305
0.0
0.0
0.0
0.0
0.0
0.0
0.12941177189350128
0.8784313797950745
0.9843137264251709
0.2549019753932953
0.0
0.0
0.0
0.0
0.0
0.0
0.0
0.0
0.0
0.0
0.0
0.0
0.0
0.0
0.0
0.0
0.0
0.0
0.0
0.0
0.0
0.0
0.0
0.0
0.6901960968971252
1.0
0.8745098114013672
0.0
0.0
0.0
0.0
0.0
0.0
0.0
0.0
0.0
0.0
0.0
0.0
0.0
0.0
0.0
0.0
0.0
0.0
0.0
0.0
0.0
0.0
0.0
0.01568627543747425
0.545098066329956
0.9960784316062927
0.9764705896377563
0.6549019813537598
0.0
0.0
0.0
0.0
0.0
0.0
0.0
0.0
0.0
0.0
0.0
0.0
0.0
0.0
0.0
0.0
0.0
0.0
0.0
0.0
0.0
0.062745101749897
0.5882353186607361
0.7254902124404907
0.9960784316062927
0.9960784316062927
0.8784313797950745
0.6549019813537598
0.6549019813537598
0.16862745583057404
0.0
0.0
0.0
0.0
0.0
0.0
0.0
0.0
0.0
0.0
0.0
0.0
0.0
0.0
0.0
0.0
0.0
0.13333334028720856
0.7882353067398071
0.8784313797950745
0.9960784316062927
0.9960784316062927
0.9960784316062927
0.9882352948188782
0.9843137264251709
0.9960784316062927
0.9960784316062927
0.9176470637321472
0.2862745225429535
0.003921568859368563
0.0
0.0
0.0
0.0
0.0
0.0
0.0
0.0
0.0
0.0
0.0
0.0
0.0
0.0
0.0235294122248888
0.7568627595901489
0.9960784316062927
0.9960784316062927
0.9960784316062927
0.9960784316062927
0.5058823823928833
0.16470588743686676
0.13725490868091583
0.38823530077934265
0.6784313917160034
0.9764705896377563
0.9960784316062927
0.3921568691730499
0.0
0.0
0.0
0.0
0.0
0.0
0.0
0.0
0.0
0.0
0.0
0.0
0.0
0.0
0.10588235408067703
1.0
0.9960784316062927
0.9960784316062927
0.6627451181411743
0.20392157137393951
0.04313725605607033
0.0
0.0
0.0
0.0
0.5803921818733215
0.9960784316062927
0.5490196347236633
0.0
0.0
0.0
0.0
0.0
0.0
0.0
0.0
0.0
0.0
0.0
0.0
0.0
0.0
0.003921568859368563
0.3019607961177826
0.4274509847164154
0.16078431904315948
0.003921568859368563
0.0
0.0
0.0
0.0
0.0
0.0
0.15294118225574493
0.9960784316062927
0.5490196347236633
0.0
0.0
0.0
0.0
0.0
0.0
0.0
0.0
0.0
0.0
0.0
0.0
0.0
0.0
0.0
0.0
0.0
0.0
0.0
0.0
0.0
0.0
0.0
0.0
0.0
0.4941176474094391
0.9960784316062927
0.5490196347236633
0.0
0.0
0.0
0.0
0.0
0.0
0.0
0.0
0.0
0.0
0.0
0.0
0.0
0.0
0.0
0.0
0.0
0.0
0.0
0.0
0.0
0.0
0.0
0.0
0.0
0.4941176474094391
0.9960784316062927
0.7647058963775635
0.0
0.0
0.0
0.0
0.0
0.0
0.0
0.0
0.0
0.0
0.0
0.0
0.0
0.0
0.0
0.0
0.0
0.0
0.0
0.0
0.0
0.0
0.0
0.0
0.09803921729326248
0.8156862854957581
0.9960784316062927
0.8313725590705872
0.0
0.0
0.0
0.0
0.0
0.0
0.0
0.0
0.0
0.0
0.0
0.0
0.0
0.0
0.0
0.0
0.0
0.0
0.0
0.0
0.0
0.0
0.0
0.0470588244497776
0.6980392336845398
0.9960784316062927
0.8666666746139526
0.11372549086809158
0.0
0.0
0.0
0.0
0.0
0.0
0.0
0.0
0.0
0.0
0.0
0.0
0.0
0.0
0.0
0.4745098054409027
0.1921568661928177
0.0
0.0
0.0
0.0
0.15294118225574493
0.4117647111415863
0.8470588326454163
0.9960784316062927
0.8666666746139526
0.37254902720451355
0.0
0.0
0.0
0.0
0.0
0.0
0.0
0.0
0.0
0.0
0.0
0.0
0.0
0.0
0.0
0.0
0.6941176652908325
0.7137255072593689
0.04313725605607033
0.05098039284348488
0.5333333611488342
0.8588235378265381
0.9372549057006836
0.9960784316062927
0.9960784316062927
0.843137264251709
0.2823529541492462
0.0
0.0
0.0
0.0
0.0
0.0
0.0
0.0
0.0
0.0
0.0
0.0
0.0
0.0
0.0
0.0
0.0
0.6039215922355652
0.9960784316062927
0.9960784316062927
0.9960784316062927
0.9960784316062927
0.9960784316062927
0.9960784316062927
0.9176470637321472
0.5529412031173706
0.10588235408067703
0.0
0.0
0.0
0.0
0.0
0.0
0.0
0.0
0.0
0.0
0.0
0.0
0.0
0.0
0.0
0.0
0.0
0.0
0.1725490242242813
0.7803921699523926
0.9960784316062927
0.9960784316062927
0.9137254953384399
0.5882353186607361
0.35686275362968445
0.11764705926179886
0.0
0.0
0.0
0.0
0.0
0.0
0.0
0.0
0.0
0.0
0.0
0.0
0.0
0.0
0.0
0.0
0.0
0.0
0.0
0.0
0.0
0.0
0.0
0.0
0.0
0.0
0.0
0.0
0.0
0.0
0.0
0.0
0.0
0.0
0.0
0.0
0.0
0.0
0.0
0.0
0.0
0.0
0.0
0.0
0.0
0.0
0.0
0.0
0.0
0.0
0.0
0.0
0.0
0.0
0.0
0.0
0.0
0.0
0.0
0.0
0.0
0.0
0.0
0.0
0.0
0.0
0.0
0.0
0.0
0.0
0.0
0.0
0.0
0.0
0.0
0.0
0.0
0.0
0.0
0.0
0.0
0.0
0.0
0.0
0.0
0.0
0.0
0.0
0.0
0.0
0.0
0.0
0.0
0.0
0.0
