0.0
0.0
0.0
0.0
0.0
0.0
0.0
0.0
0.0
0.0
0.0
0.0
0.0
0.0
0.0
0.0
0.0
0.0
0.0
0.0
0.0
0.0
0.0
0.0
0.0
0.0
0.0
0.0
0.0
0.0
0.0
0.0
0.0
0.0
0.0
0.0
0.0
0.0
0.0
0.0
0.0
0.0
0.0
0.0
0.0
0.0
0.0
0.0
0.0
0.0
0.0
0.0
0.0
0.0
0.0
0.0
0.0
0.0
0.0
0.0
0.0
0.0
0.0
0.0
0.0
0.0
0.0
0.0
0.0
0.0
0.0
0.0
0.0
0.0
0.0
0.0
0.0
0.0
0.0
0.0
0.0
0.0
0.0
0.0
0.0
0.0
0.0
0.0
0.0
0.0
0.0
0.0
0.0
0.0
0.0
0.0
0.0
0.0
0.0
0.0
0.0
0.0
0.0
0.0
0.0
0.0
0.0
0.0
0.0
0.0
0.0
0.0
0.0
0.0
0.0
0.0
0.0
0.0
0.0
0.0
0.0
0.0
0.0
0.0
0.0
0.0
0.0
0.0
0.0
0.0
0.0
0.0
0.0
0.0
0.0
0.0
0.0
0.0
0.0
0.0
0.0
0.0
0.0
0.0
0.0
0.0
0.0
0.0
0.0
0.11372549086809158
0.21960784494876862
0.5882353186607361
0.6078431606292725
0.8392156958580017
0.6901960968971252
0.7529411911964417
0.18039216101169586
0.0
0.0
0.0
0.0
0.0
0.0
0.0
0.0
0.0
0.0
0.0
0.0
0.0
0.0
0.0
0.0
0.0
0.0
0.019607843831181526
0.4274509847164154
0.9137254953384399
0.9960784316062927
0.9960784316062927
0.9960784316062927
0.7254902124404907
0.572549045085907
0.9843137264251709
0.7176470756530762
0.0
0.0
0.0
0.0
0.0
0.0
0.0
0.0
0.0
0.0
0.0
0.0
0.0
0.0
0.0
0.0
0.0
0.06666667014360428
0.7607843279838562
0.9960784316062927
0.9960784316062927
0.8117647171020508
0.6784313917160034
0.3529411852359772
0.007843137718737125
0.0
0.6274510025978088
0.9764705896377563
0.3176470696926117
0.0
0.0
0.0
0.0
0.0
0.0
0.0
0.0
0.0
0.0
0.0
0.0
0.0
0.0
0.0
0.019607843831181526
0.7607843279838562
0.9960784316062927
0.8274509906768799
0.3294117748737335
0.03921568766236305
0.0
0.0
0.0
0.0
0.5960784554481506
0.9960784316062927
0.9607843160629272
0.10196078568696976
0.0
0.0
0.0
0.0
0.0
0.0
0.0
0.0
0.0
0.0
0.0
0.0
0.0
0.0
0.4274509847164154
0.9960784316062927
0.7098039388656616
0.09803921729326248
0.0
0.0
0.0
0.0
0.0
0.0
0.07450980693101883
0.6196078658103943
0.9960784316062927
0.11764705926179886
0.0
0.0
0.0
0.0
0.0
0.0
0.0
0.0
0.0
0.0
0.0
0.0
0.0
0.24313725531101227
0.9803921580314636
0.8196078538894653
0.06666667014360428
0.0
0.0
0.0
0.0
0.0
0.0
0.0
0.0313725508749485
0.8235294222831726
0.9647058844566345
0.10196078568696976
0.0
0.0
0.0
0.0
0.0
0.0
0.0
0.0
0.0
0.0
0.0
0.0
0.0
0.6078431606292725
0.9843137264251709
0.23529411852359772
0.0
0.0
0.0
0.0
0.0
0.0
0.0
0.0
0.3686274588108063
0.9960784316062927
0.7215686440467834
0.0
0.0
0.0
0.0
0.0
0.0
0.0
0.0
0.0
0.0
0.0
0.0
0.0
0.0
0.6078431606292725
0.9960784316062927
0.43529412150382996
0.0235294122248888
0.0
0.0
0.0
0.0
0.0
0.0
0.003921568859368563
0.686274528503418
0.9882352948188782
0.4588235318660736
0.0
0.0
0.0
0.0
0.0
0.0
0.0
0.0
0.0
0.0
0.0
0.0
0.0
0.0
0.30980393290519714
0.9960784316062927
0.9960784316062927
0.7647058963775635
0.3764705955982208
0.3764705955982208
0.250980406999588
0.0
0.0
0.0
0.16862745583057404
0.9960784316062927
0.7921568751335144
0.0
0.0
0.0
0.0
0.0
0.0
0.0
0.0
0.0
0.0
0.0
0.0
0.0
0.0
0.0
0.09019608050584793
0.5764706134796143
0.929411768913269
0.9960784316062927
0.9960784316062927
0.9960784316062927
0.9921568632125854
0.9803921580314636
0.8352941274642944
0.8196078538894653
0.9882352948188782
0.9960784316062927
0.545098066329956
0.0
0.0
0.0
0.0
0.0
0.0
0.0
0.0
0.0
0.0
0.0
0.0
0.0
0.0
0.0
0.0
0.0
0.125490203499794
0.19607843458652496
0.19607843458652496
0.5490196347236633
0.5843137502670288
0.800000011920929
0.9764705896377563
0.9960784316062927
0.9960784316062927
0.9960784316062927
0.886274516582489
0.30588236451148987
0.003921568859368563
0.0
0.0
0.0
0.0
0.0
0.0
0.0
0.0
0.0
0.0
0.0
0.0
0.0
0.0
0.0
0.0
0.0
0.0
0.0
0.0
0.0
0.0
0.8274509906768799
0.9960784316062927
0.9058823585510254
0.9960784316062927
0.9960784316062927
0.6313725709915161
0.239215686917305
0.019607843831181526
0.0
0.0
0.0
0.0
0.0
0.0
0.0
0.0
0.0
0.0
0.0
0.0
0.0
0.0
0.0
0.0
0.0
0.0
0.0
0.0
0.9803921580314636
0.9725490212440491
0.38823530077934265
0.18039216101169586
0.6549019813537598
0.9686274528503418
0.9960784316062927
0.800000011920929
0.11764705926179886
0.0
0.0
0.0
0.0
0.0
0.0
0.0
0.0
0.0
0.0
0.0
0.0
0.0
0.0
0.0
0.0
0.0
0.0
0.0
0.8745098114013672
0.5843137502670288
0.0
0.0
0.0
0.16470588743686676
0.6078431606292725
0.8705882430076599
0.7490196228027344
0.24313725531101227
0.0
0.0
0.0
0.0
0.0
0.0
0.0
0.0
0.0
0.0
0.0
0.0
0.0
0.0
0.0
0.0
0.0
0.0
0.9372549057006836
0.5843137502670288
0.0
0.0
0.0
0.0
0.0
0.11764705926179886
0.8352941274642944
0.8392156958580017
0.0235294122248888
0.0
0.0
0.0
0.0
0.0
0.0
0.0
0.0
0.0
0.0
0.0
0.0
0.0
0.0
0.0
0.0
0.0
0.8588235378265381
0.7098039388656616
0.0
0.0
0.0
0.0
0.0
0.0
0.35686275362968445
0.9960784316062927
0.21568627655506134
0.0
0.0
0.0
0.0
0.0
0.0
0.0
0.0
0.0
0.0
0.0
0.0
0.0
0.0
0.0
0.0
0.0
0.5882353186607361
0.9882352948188782
0.250980406999588
0.0
0.0
0.0
0.0
0.0
0.4117647111415863
0.9725490212440491
0.18431372940540314
0.0
0.0
0.0
0.0
0.0
0.0
0.0
0.0
0.0
0.0
0.0
0.0
0.0
0.0
0.0
0.0
0.0
0.45490196347236633
0.9960784316062927
0.8470588326454163
0.054901961237192154
0.0
0.0
0.2549019753932953
0.5607843399047852
0.9333333373069763
0.6823529601097107
0.0
0.0
0.0
0.0
0.0
0.0
0.0
0.0
0.0
0.0
0.0
0.0
0.0
0.0
0.0
0.0
0.0
0.0
0.007843137718737125
0.5882353186607361
1.0
0.9686274528503418
0.6980392336845398
0.7607843279838562
0.9882352948188782
0.9725490212440491
0.6823529601097107
0.0313725508749485
0.0
0.0
0.0
0.0
0.0
0.0
0.0
0.0
0.0
0.0
0.0
0.0
0.0
0.0
0.0
0.0
0.0
0.0
0.0
0.09019608050584793
0.4627451002597809
0.9372549057006836
0.9960784316062927
0.6509804129600525
0.6039215922355652
0.3686274588108063
0.0
0.0
0.0
0.0
0.0
0.0
0.0
0.0
0.0
0.0
0.0
0.0
0.0
0.0
0.0
0.0
0.0
0.0
0.0
0.0
0.0
0.0
0.0
0.0
0.0
0.0
0.0
0.0
0.0
0.0
0.0
0.0
0.0
0.0
0.0
0.0
0.0
0.0
0.0
0.0
0.0
0.0
0.0
0.0
0.0
0.0
0.0
0.0
0.0
0.0
0.0
0.0
0.0
0.0
0.0
0.0
0.0
0.0
0.0
0.0
0.0
0.0
0.0
0.0
0.0
0.0
0.0
0.0
0.0
0.0
0.0
0.0
0.0
0.0
0.0
0.0
0.0
0.0
0.0
0.0
0.0
0.0
0.0
0.0
0.0
0.0
0.0
0.0
0.0
0.0
0.0
