0.0
0.0
0.0
0.0
0.0
0.0
0.0
0.0
0.0
0.0
0.0
0.0
0.0
0.0
0.0
0.0
0.0
0.0
0.0
0.0
0.0
0.0
0.0
0.0
0.0
0.0
0.0
0.0
0.0
0.0
0.0
0.0
0.0
0.0
0.0
0.0
0.0
0.0
0.0
0.0
0.0
0.0
0.0
0.0
0.0
0.0
0.0
0.0
0.0
0.0
0.0
0.0
0.0
0.0
0.0
0.0
0.0
0.0
0.0
0.0
0.0
0.0
0.0
0.0
0.0
0.0
0.0
0.0
0.0
0.0
0.0
0.0
0.0
0.0
0.0
0.0
0.0
0.0
0.0
0.0
0.0
0.0
0.0
0.0
0.0
0.0
0.0
0.0
0.0
0.0
0.0
0.0
0.0
0.0
0.0
0.0
0.0
0.0
0.0
0.0
0.0
0.0
0.0
0.0
0.0
0.0
0.0
0.0
0.0
0.0
0.0
0.0
0.0
0.0
0.0
0.0
0.0
0.0
0.0
0.0
0.0
0.0
0.0
0.0
0.0
0.0
0.0
0.0
0.0
0.0
0.0
0.0
0.0
0.0
0.0
0.0
0.0
0.0
0.0
0.0
0.0
0.0
0.0
0.0
0.0
0.0
0.0
0.0
0.0
0.07058823853731155
0.15294118225574493
0.47843137383461
0.5764706134796143
0.5764706134796143
0.7568627595901489
0.5764706134796143
0.29411765933036804
0.0313725508749485
0.0
0.0
0.0
0.0
0.0
0.0
0.0
0.0
0.0
0.0
0.0
0.0
0.0
0.0
0.0
0.0
0.0
0.0
0.22745098173618317
0.8078431487083435
0.9960784316062927
0.9960784316062927
0.9960784316062927
0.9960784316062927
0.9960784316062927
0.9960784316062927
0.9960784316062927
0.7764706015586853
0.1568627506494522
0.0
0.0
0.0
0.0
0.0
0.0
0.0
0.0
0.0
0.0
0.0
0.0
0.0
0.0
0.0
0.019607843831181526
0.5215686559677124
0.9686274528503418
0.9960784316062927
0.9960784316062927
0.9960784316062927
0.9960784316062927
0.9764705896377563
0.9764705896377563
0.9882352948188782
0.9960784316062927
0.9960784316062927
0.886274516582489
0.14509804546833038
0.0
0.0
0.0
0.0
0.0
0.0
0.0
0.0
0.0
0.0
0.0
0.0
0.0
0.0
0.5215686559677124
0.9960784316062927
0.9960784316062927
0.9960784316062927
0.9960784316062927
0.9411764740943909
0.4117647111415863
0.0
0.0
0.2078431397676468
0.7215686440467834
0.9960784316062927
0.9960784316062927
0.615686297416687
0.0313725508749485
0.0
0.0
0.0
0.0
0.0
0.0
0.0
0.0
0.0
0.0
0.0
0.0
0.3607843220233917
0.9686274528503418
0.9960784316062927
0.9960784316062927
0.9960784316062927
0.5333333611488342
0.16862745583057404
0.0
0.0
0.0
0.0
0.062745101749897
0.7215686440467834
0.9960784316062927
0.9960784316062927
0.48627451062202454
0.0
0.0
0.0
0.0
0.0
0.0
0.0
0.0
0.0
0.0
0.0
0.0
0.7254902124404907
0.9960784316062927
0.9960784316062927
0.9960784316062927
0.7411764860153198
0.03921568766236305
0.0
0.0
0.0
0.0
0.0
0.0
0.04313725605607033
0.7607843279838562
0.9960784316062927
0.95686274766922
0.03529411926865578
0.0
0.0
0.0
0.0
0.0
0.0
0.0
0.0
0.0
0.0
0.0941176488995552
0.8941176533699036
0.9960784316062927
0.9960784316062927
0.9960784316062927
0.10588235408067703
0.0
0.0
0.0
0.0
0.0
0.0
0.0
0.0
0.250980406999588
0.9372549057006836
0.9960784316062927
0.7058823704719543
0.0
0.0
0.0
0.0
0.0
0.0
0.0
0.0
0.0
0.0
0.03529411926865578
0.4156862795352936
0.9019607901573181
0.9960784316062927
0.8901960849761963
0.07058823853731155
0.0
0.0
0.0
0.0
0.0
0.0
0.0
0.0
0.0
0.6823529601097107
0.9960784316062927
0.8705882430076599
0.0
0.0
0.0
0.0
0.0
0.0
0.0
0.0
0.0
0.0
0.0
0.0
0.8745098114013672
0.9960784316062927
0.47058823704719543
0.0
0.0
0.0
0.0
0.0
0.0
0.0
0.0
0.0
0.0
0.4745098054409027
0.9960784316062927
0.9882352948188782
0.48235294222831726
0.0
0.0
0.0
0.0
0.0
0.0
0.0
0.0
0.0
0.0
0.1921568661928177
0.9529411792755127
0.9607843160629272
0.20000000298023224
0.0
0.0
0.0
0.0
0.0
0.0
0.0
0.0
0.0
0.0
0.20392157137393951
0.9607843160629272
0.9960784316062927
0.7215686440467834
0.0
0.0
0.0
0.0
0.0
0.0
0.0
0.0
0.0
0.0
0.3019607961177826
0.9960784316062927
0.8274509906768799
0.0
0.0
0.0
0.0
0.0
0.0
0.0
0.0
0.0
0.0
0.0
0.0
0.8313725590705872
0.9960784316062927
0.9411764740943909
0.11764705926179886
0.0
0.0
0.0
0.0
0.0
0.0
0.0
0.0
0.0
0.14901961386203766
0.9333333373069763
0.9882352948188782
0.48627451062202454
0.0117647061124444
0.0
0.0
0.0
0.0
0.0
0.0
0.0
0.0
0.0
0.0
0.8313725590705872
0.9960784316062927
0.9960784316062927
0.14901961386203766
0.0
0.0
0.0
0.0
0.0
0.0
0.0
0.0
0.0
0.0
0.8745098114013672
0.9960784316062927
0.9960784316062927
0.10588235408067703
0.0
0.0
0.0
0.0
0.0
0.0
0.0
0.0
0.0
0.0
0.8313725590705872
0.9960784316062927
0.9960784316062927
0.14901961386203766
0.0
0.0
0.0
0.0
0.0
0.0
0.0
0.0
0.0
0.0
0.5254902243614197
0.9960784316062927
0.9960784316062927
0.6117647290229797
0.0
0.0
0.0
0.0
0.0
0.0
0.0
0.0
0.0
0.21176470816135406
0.9686274528503418
0.9960784316062927
0.772549033164978
0.027450980618596077
0.0
0.0
0.0
0.0
0.0
0.0
0.0
0.0
0.0
0.0
0.21176470816135406
0.7372549176216125
0.9960784316062927
0.9960784316062927
0.6117647290229797
0.027450980618596077
0.0
0.0
0.0
0.0
0.0
0.0
0.05882352963089943
0.6980392336845398
0.9960784316062927
0.9960784316062927
0.4941176474094391
0.0
0.0
0.0
0.0
0.0
0.0
0.0
0.0
0.0
0.0
0.0
0.0
0.12941177189350128
0.8235294222831726
0.9960784316062927
0.9960784316062927
0.6078431606292725
0.25882354378700256
0.20392157137393951
0.0
0.0
0.0
0.10196078568696976
0.8352941274642944
1.0
0.9960784316062927
0.9450980424880981
0.1725490242242813
0.0
0.0
0.0
0.0
0.0
0.0
0.0
0.0
0.0
0.0
0.0
0.0
0.0
0.054901961237192154
0.7372549176216125
0.9960784316062927
0.9960784316062927
0.9960784316062927
0.6901960968971252
0.08627451211214066
0.21176470816135406
0.686274528503418
0.8941176533699036
0.9960784316062927
0.9960784316062927
0.9960784316062927
0.545098066329956
0.05098039284348488
0.0
0.0
0.0
0.0
0.0
0.0
0.0
0.0
0.0
0.0
0.0
0.0
0.0
0.0
0.21176470816135406
0.7333333492279053
0.9960784316062927
0.9960784316062927
0.9960784316062927
0.9843137264251709
0.9882352948188782
0.9960784316062927
0.9960784316062927
0.9960784316062927
0.9098039269447327
0.5137255191802979
0.007843137718737125
0.0
0.0
0.0
0.0
0.0
0.0
0.0
0.0
0.0
0.0
0.0
0.0
0.0
0.0
0.0
0.0
0.05882352963089943
0.6235294342041016
0.9764705896377563
0.9960784316062927
0.9960784316062927
0.9960784316062927
0.9960784316062927
0.9960784316062927
0.686274528503418
0.0941176488995552
0.0
0.0
0.0
0.0
0.0
0.0
0.0
0.0
0.0
0.0
0.0
0.0
0.0
0.0
0.0
0.0
0.0
0.0
0.0
0.0
0.3450980484485626
0.6627451181411743
0.9960784316062927
0.5960784554481506
0.572549045085907
0.22745098173618317
0.007843137718737125
0.0
0.0
0.0
0.0
0.0
0.0
0.0
0.0
0.0
0.0
0.0
0.0
0.0
0.0
0.0
0.0
0.0
0.0
0.0
0.0
0.0
0.0
0.0
0.0
0.0
0.0
0.0
0.0
0.0
0.0
0.0
0.0
0.0
0.0
0.0
0.0
0.0
0.0
0.0
0.0
0.0
0.0
0.0
0.0
0.0
0.0
0.0
0.0
0.0
0.0
0.0
0.0
0.0
0.0
0.0
0.0
0.0
0.0
0.0
0.0
0.0
0.0
0.0
0.0
0.0
0.0
0.0
0.0
0.0
0.0
0.0
0.0
0.0
0.0
0.0
0.0
0.0
0.0
0.0
0.0
0.0
0.0
0.0
0.0
0.0
0.0
0.0
0.0
0.0
0.0
0.0
0.0
0.0
