0.0
0.0
0.0
0.0
0.0
0.0
0.0
0.0
0.0
0.0
0.0
0.0
0.0
0.0
0.0
0.0
0.0
0.0
0.0
0.0
0.0
0.0
0.0
0.0
0.0
0.0
0.0
0.0
0.0
0.0
0.0
0.0
0.0
0.0
0.0
0.0
0.0
0.0
0.0
0.0
0.0
0.0
0.0
0.0
0.0
0.0
0.0
0.0
0.0
0.0
0.0
0.0
0.0
0.0
0.0
0.0
0.0
0.0
0.0
0.0
0.0
0.0
0.0
0.0
0.0
0.0
0.0
0.0
0.0
0.0
0.0
0.0
0.0
0.0
0.0
0.0
0.0
0.0
0.0
0.0
0.0
0.0
0.0
0.0
0.0
0.0
0.0
0.0
0.0
0.0
0.0
0.0
0.0
0.0
0.0
0.0
0.0
0.07450980693101883
0.501960813999176
0.7921568751335144
0.9921568632125854
0.9921568632125854
0.6235294342041016
0.09019608050584793
0.0
0.0
0.0
0.0
0.0
0.0
0.0
0.0
0.0
0.0
0.0
0.0
0.0
0.0
0.0
0.0
0.0
0.0
0.0
0.0
0.25882354378700256
0.9254902005195618
0.9882352948188782
0.8941176533699036
0.8078431487083435
0.8588235378265381
0.9882352948188782
0.6196078658103943
0.08627451211214066
0.0
0.0
0.0
0.0
0.0
0.0
0.0
0.0
0.0
0.0
0.0
0.0
0.0
0.0
0.0
0.0
0.0
0.0
0.13333334028720856
0.9176470637321472
0.7647058963775635
0.5098039507865906
0.125490203499794
0.0
0.07450980693101883
0.6352941393852234
0.7176470756530762
0.8078431487083435
0.09803921729326248
0.0
0.0
0.0
0.0
0.0
0.0
0.0
0.0
0.0
0.0
0.0
0.0
0.0
0.0
0.0
0.0
0.24313725531101227
0.843137264251709
0.8901960849761963
0.11372549086809158
0.0
0.0
0.0
0.0
0.0
0.0
0.9921568632125854
0.7921568751335144
0.09803921729326248
0.0
0.0
0.0
0.0
0.0
0.0
0.0
0.0
0.0
0.0
0.0
0.0
0.0
0.0
0.4156862795352936
0.9529411792755127
0.9882352948188782
0.843137264251709
0.08235294371843338
0.0
0.0
0.0
0.0
0.0
0.0
0.9921568632125854
0.9058823585510254
0.14509804546833038
0.0
0.0
0.0
0.0
0.0
0.0
0.0
0.0
0.0
0.0
0.0
0.0
0.0
0.0
0.9058823585510254
1.0
0.9764705896377563
0.6549019813537598
0.0
0.0
0.0
0.0
0.0
0.0
0.0
1.0
0.8117647171020508
0.0
0.0
0.0
0.0
0.0
0.0
0.0
0.0
0.0
0.0
0.0
0.0
0.0
0.0
0.0
0.7372549176216125
0.5647059082984924
0.29411765933036804
0.0
0.0
0.0
0.0
0.0
0.0
0.0
0.0
0.9921568632125854
0.5176470875740051
0.0
0.0
0.0
0.0
0.0
0.0
0.0
0.0
0.0
0.0
0.0
0.0
0.0
0.0
0.0
0.0
0.0
0.0
0.0
0.0
0.0
0.0
0.0
0.0
0.0
0.125490203499794
0.9921568632125854
0.3607843220233917
0.0
0.0
0.0
0.0
0.0
0.0
0.0
0.0
0.0
0.0
0.0
0.0
0.0
0.0
0.0
0.0
0.0
0.0
0.0
0.0
0.0
0.0
0.0
0.0
0.0
0.615686297416687
0.9921568632125854
0.3607843220233917
0.0
0.0
0.0
0.0
0.0
0.0
0.0
0.0
0.0
0.0
0.0
0.0
0.0
0.0
0.0
0.0
0.0
0.0
0.0
0.0
0.0
0.0
0.0
0.0
0.3333333432674408
0.9803921580314636
0.9529411792755127
0.19607843458652496
0.0
0.0
0.0
0.0
0.0
0.0
0.0
0.0
0.0
0.0
0.0
0.0
0.0
0.0
0.0
0.0
0.0
0.0
0.0
0.0
0.0
0.0
0.0
0.1921568661928177
0.9137254953384399
0.9921568632125854
0.2078431397676468
0.0
0.0
0.0
0.0
0.0
0.0
0.0
0.0
0.0
0.0
0.0
0.0
0.0
0.0
0.0
0.0
0.0
0.10196078568696976
0.2666666805744171
0.6313725709915161
0.4274509847164154
0.1411764770746231
0.0
0.03529411926865578
0.772549033164978
0.9882352948188782
0.615686297416687
0.0
0.0
0.0
0.0
0.0
0.0
0.0
0.0
0.0
0.0
0.0
0.0
0.0
0.0
0.0
0.0
0.0
0.250980406999588
0.8705882430076599
0.9882352948188782
0.9882352948188782
0.9882352948188782
0.8666666746139526
0.48235294222831726
0.6078431606292725
0.9882352948188782
0.7254902124404907
0.0235294122248888
0.0
0.0
0.0
0.0
0.0
0.0
0.0
0.0
0.0
0.0
0.0
0.0
0.0
0.0
0.0
0.0
0.13333334028720856
0.9333333373069763
0.9607843160629272
0.6274510025978088
0.6274510025978088
0.9254902005195618
0.9882352948188782
0.9921568632125854
0.9882352948188782
0.8901960849761963
0.19607843458652496
0.0
0.0
0.0
0.0
0.0
0.0
0.0
0.0
0.0
0.0
0.0
0.0
0.0
0.0
0.0
0.0
0.125490203499794
0.8549019694328308
0.9882352948188782
0.2862745225429535
0.0
0.0
0.07450980693101883
0.9098039269447327
0.9921568632125854
0.9882352948188782
0.843137264251709
0.29019609093666077
0.0
0.0
0.0
0.0
0.0
0.0
0.0
0.0
0.0
0.0
0.0
0.0
0.0
0.0
0.0
0.019607843831181526
0.5411764979362488
0.9921568632125854
0.7058823704719543
0.0
0.0
0.027450980618596077
0.6274510025978088
0.9921568632125854
0.9490196108818054
0.9607843160629272
0.9921568632125854
0.9921568632125854
0.5803921818733215
0.13333334028720856
0.5411764979362488
0.6666666865348816
0.8274509906768799
0.05098039284348488
0.0
0.0
0.0
0.0
0.0
0.0
0.0
0.0
0.0
0.47058823704719543
0.9882352948188782
0.9215686321258545
0.07058823853731155
0.0
0.20000000298023224
0.729411780834198
0.9882352948188782
0.615686297416687
0.16470588743686676
0.23137255012989044
0.686274528503418
0.8745098114013672
0.9882352948188782
0.9921568632125854
0.9882352948188782
0.9411764740943909
0.43921568989753723
0.0313725508749485
0.0
0.0
0.0
0.0
0.0
0.0
0.0
0.0
0.0
0.6313725709915161
0.9882352948188782
0.6274510025978088
0.250980406999588
0.5176470875740051
0.8941176533699036
0.9882352948188782
0.6000000238418579
0.0235294122248888
0.0
0.0
0.0
0.09803921729326248
0.2705882489681244
0.2705882489681244
0.2705882489681244
0.19607843458652496
0.0
0.0
0.0
0.0
0.0
0.0
0.0
0.0
0.0
0.0
0.04313725605607033
0.7960784435272217
0.9882352948188782
0.9254902005195618
0.9725490212440491
0.9921568632125854
0.9215686321258545
0.3019607961177826
0.03529411926865578
0.0
0.0
0.0
0.0
0.0
0.0
0.0
0.0
0.0
0.0
0.0
0.0
0.0
0.0
0.0
0.0
0.0
0.0
0.0
0.0
0.3450980484485626
0.658823549747467
0.9882352948188782
0.9882352948188782
0.7450980544090271
0.23529411852359772
0.0
0.0
0.0
0.0
0.0
0.0
0.0
0.0
0.0
0.0
0.0
0.0
0.0
0.0
0.0
0.0
0.0
0.0
0.0
0.0
0.0
0.0
0.0
0.0
0.0
0.0
0.0
0.0
0.0
0.0
0.0
0.0
0.0
0.0
0.0
0.0
0.0
0.0
0.0
0.0
0.0
0.0
0.0
0.0
0.0
0.0
0.0
0.0
0.0
0.0
0.0
0.0
0.0
0.0
0.0
0.0
0.0
0.0
0.0
0.0
0.0
0.0
0.0
0.0
0.0
0.0
0.0
0.0
0.0
0.0
0.0
0.0
0.0
0.0
0.0
0.0
0.0
0.0
0.0
0.0
0.0
0.0
0.0
0.0
0.0
0.0
0.0
0.0
0.0
0.0
0.0
0.0
0.0
0.0
0.0
0.0
0.0
0.0
0.0
0.0
0.0
0.0
0.0
0.0
0.0
0.0
0.0
0.0
0.0
0.0
0.0
0.0
0.0
0.0
0.0
0.0
0.0
0.0
0.0
0.0
0.0
0.0
0.0
0.0
0.0
0.0
0.0
0.0
0.0
0.0
0.0
0.0
0.0
0.0
0.0
0.0
0.0
0.0
0.0
0.0
0.0
0.0
0.0
0.0
0.0
0.0
0.0
0.0
0.0
0.0
0.0
0.0
0.0
0.0
0.0
0.0
