0.0
0.0
0.0
0.0
0.0
0.0
0.0
0.0
0.0
0.0
0.0
0.0
0.0
0.0
0.0
0.0
0.0
0.0
0.0
0.0
0.0
0.0
0.0
0.0
0.0
0.0
0.0
0.0
0.0
0.0
0.0
0.0
0.0
0.0
0.0
0.0
0.0
0.0
0.0
0.0
0.0
0.0
0.0
0.0
0.0
0.0
0.0
0.0
0.0
0.0
0.0
0.0
0.0
0.0
0.0
0.0
0.0
0.0
0.0
0.0
0.0
0.0
0.0
0.0
0.0
0.0
0.0
0.0
0.0
0.0
0.0
0.0
0.0
0.0
0.0
0.0
0.0
0.0
0.0
0.0
0.0
0.0
0.0
0.0
0.0
0.0
0.0
0.0
0.0
0.0
0.0
0.0
0.0
0.0
0.0
0.0
0.0
0.5176470875740051
0.9960784316062927
1.0
0.5098039507865906
0.0
0.0
0.0
0.0
0.0
0.0
0.0
0.0
0.0
0.0
0.0
0.0
0.0
0.0
0.0
0.0
0.0
0.0
0.0
0.0
0.0
0.0
0.0
0.09803921729326248
0.8941176533699036
0.9921568632125854
0.9921568632125854
0.5058823823928833
0.0
0.0
0.0
0.0
0.0
0.0
0.0
0.0
0.0
0.0
0.0
0.0
0.0
0.0
0.0
0.0
0.0
0.0
0.0
0.0
0.0
0.0
0.0
0.12156862765550613
0.9921568632125854
0.9921568632125854
0.9921568632125854
0.5058823823928833
0.0
0.0
0.0
0.0
0.0
0.0
0.0
0.0
0.0
0.0
0.0
0.0
0.0
0.0
0.0
0.0
0.0
0.0
0.0
0.0
0.0
0.0
0.0
0.3450980484485626
0.9921568632125854
0.9921568632125854
0.7372549176216125
0.32549020648002625
0.0
0.0
0.0
0.0
0.0
0.0
0.0
0.0
0.0
0.0
0.0
0.0
0.0
0.0
0.0
0.0
0.0
0.0
0.0
0.0
0.0
0.0
0.2549019753932953
0.929411768913269
0.9921568632125854
0.9921568632125854
0.2980392277240753
0.0
0.0
0.0
0.0
0.0
0.0
0.0
0.0
0.0
0.0
0.0
0.0
0.0
0.0
0.0
0.0
0.0
0.0
0.0
0.0
0.0
0.0
0.0
0.3333333432674408
0.9921568632125854
0.9921568632125854
0.9921568632125854
0.2980392277240753
0.0
0.0
0.0
0.0
0.0
0.0
0.0
0.0
0.0
0.0
0.0
0.0
0.0
0.0
0.0
0.0
0.0
0.0
0.0
0.0
0.0
0.05098039284348488
0.6627451181411743
0.95686274766922
0.9921568632125854
0.8196078538894653
0.10980392247438431
0.019607843831181526
0.0
0.0
0.0
0.0
0.0
0.0
0.0
0.0
0.0
0.0
0.0
0.0
0.0
0.0
0.0
0.0
0.0
0.0
0.0
0.0
0.0
0.15294118225574493
0.9921568632125854
0.9921568632125854
0.9921568632125854
0.48235294222831726
0.0
0.0
0.0
0.0
0.0
0.0
0.0
0.0
0.0
0.0
0.0
0.0
0.0
0.0
0.0
0.0
0.0
0.0
0.0
0.0
0.0
0.0
0.0
0.46666666865348816
0.9921568632125854
0.9921568632125854
0.929411768913269
0.23137255012989044
0.0
0.0
0.0
0.0
0.0
0.0
0.0
0.0
0.0
0.0
0.0
0.0
0.0
0.0
0.0
0.0
0.0
0.0
0.0
0.0
0.0
0.0
0.0
0.7568627595901489
0.9921568632125854
0.9921568632125854
0.8705882430076599
0.0
0.0941176488995552
0.3607843220233917
0.9058823585510254
0.9058823585510254
0.501960813999176
0.16470588743686676
0.0
0.0
0.0
0.0
0.0
0.0
0.0
0.0
0.0
0.0
0.0
0.0
0.0
0.0
0.0
0.0
0.03529411926865578
0.7764706015586853
0.9921568632125854
0.9921568632125854
0.8274509906768799
0.40784314274787903
0.7843137383460999
0.9921568632125854
0.9921568632125854
0.9921568632125854
0.9921568632125854
0.8549019694328308
0.10588235408067703
0.0
0.0
0.0
0.0
0.0
0.0
0.0
0.0
0.0
0.0
0.0
0.0
0.0
0.0
0.0
0.364705890417099
0.9921568632125854
0.9921568632125854
0.9921568632125854
0.6823529601097107
0.9921568632125854
0.9921568632125854
0.9921568632125854
0.9921568632125854
0.9921568632125854
0.9921568632125854
0.9921568632125854
0.14901961386203766
0.0
0.0
0.0
0.0
0.0
0.0
0.0
0.0
0.0
0.0
0.0
0.0
0.0
0.0
0.0
0.14509804546833038
0.8470588326454163
0.9921568632125854
0.9921568632125854
0.9921568632125854
0.9921568632125854
0.9921568632125854
0.9921568632125854
0.9921568632125854
0.9921568632125854
0.9921568632125854
0.9921568632125854
0.6784313917160034
0.0
0.0
0.0
0.0
0.0
0.0
0.0
0.0
0.0
0.0
0.0
0.0
0.0
0.0
0.0
0.364705890417099
0.9921568632125854
0.9921568632125854
0.9921568632125854
0.9921568632125854
0.9921568632125854
0.9921568632125854
0.8941176533699036
0.3294117748737335
0.5098039507865906
0.9921568632125854
0.9921568632125854
0.7490196228027344
0.0
0.0
0.0
0.0
0.0
0.0
0.0
0.0
0.0
0.0
0.0
0.0
0.0
0.0
0.0
0.20000000298023224
0.8823529481887817
0.9921568632125854
0.9921568632125854
0.9921568632125854
0.9921568632125854
0.5764706134796143
0.16470588743686676
0.0
0.27450981736183167
0.9921568632125854
0.9921568632125854
0.7490196228027344
0.0
0.0
0.0
0.0
0.0
0.0
0.0
0.0
0.0
0.0
0.0
0.0
0.0
0.0
0.0
0.09019608050584793
0.8117647171020508
0.9921568632125854
0.9921568632125854
0.9921568632125854
0.5529412031173706
0.01568627543747425
0.0235294122248888
0.24313725531101227
0.8156862854957581
0.9921568632125854
0.9921568632125854
0.6000000238418579
0.0
0.0
0.0
0.0
0.0
0.0
0.0
0.0
0.0
0.0
0.0
0.0
0.0
0.0
0.0
0.364705890417099
0.9921568632125854
0.9921568632125854
0.9921568632125854
0.9921568632125854
0.8078431487083435
0.6352941393852234
0.6666666865348816
0.9921568632125854
0.9921568632125854
0.9882352948188782
0.686274528503418
0.054901961237192154
0.0
0.0
0.0
0.0
0.0
0.0
0.0
0.0
0.0
0.0
0.0
0.0
0.0
0.0
0.0
0.21176470816135406
0.8901960849761963
0.9921568632125854
0.9921568632125854
0.9921568632125854
0.9921568632125854
0.9921568632125854
0.9921568632125854
0.9921568632125854
0.9921568632125854
0.6745098233222961
0.0
0.0
0.0
0.0
0.0
0.0
0.0
0.0
0.0
0.0
0.0
0.0
0.0
0.0
0.0
0.0
0.0
0.0
0.6274510025978088
0.9921568632125854
0.9921568632125854
0.9921568632125854
0.9921568632125854
0.9921568632125854
0.9921568632125854
0.8901960849761963
0.7803921699523926
0.25882354378700256
0.0
0.0
0.0
0.0
0.0
0.0
0.0
0.0
0.0
0.0
0.0
0.0
0.0
0.0
0.0
0.0
0.0
0.0
0.062745101749897
0.38823530077934265
0.95686274766922
0.9921568632125854
0.9921568632125854
0.9921568632125854
0.9372549057006836
0.20000000298023224
0.0
0.0
0.0
0.0
0.0
0.0
0.0
0.0
0.0
0.0
0.0
0.0
0.0
0.0
0.0
0.0
0.0
0.0
0.0
0.0
0.0
0.0
0.0
0.0
0.0
0.0
0.0
0.0
0.0
0.0
0.0
0.0
0.0
0.0
0.0
0.0
0.0
0.0
0.0
0.0
0.0
0.0
0.0
0.0
0.0
0.0
0.0
0.0
0.0
0.0
0.0
0.0
0.0
0.0
0.0
0.0
0.0
0.0
0.0
0.0
0.0
0.0
0.0
0.0
0.0
0.0
0.0
0.0
0.0
0.0
0.0
0.0
0.0
0.0
0.0
0.0
0.0
0.0
0.0
0.0
0.0
0.0
0.0
0.0
0.0
0.0
0.0
0.0
0.0
0.0
0.0
0.0
0.0
0.0
0.0
0.0
0.0
0.0
0.0
0.0
0.0
0.0
0.0
0.0
0.0
0.0
0.0
0.0
0.0
0.0
0.0
0.0
0.0
0.0
0.0
0.0
0.0
0.0
0.0
0.0
0.0
0.0
0.0
0.0
0.0
0.0
0.0
0.0
0.0
0.0
0.0
0.0
0.0
0.0
0.0
0.0
0.0
0.0
0.0
0.0
0.0
0.0
0.0
0.0
0.0
0.0
0.0
0.0
0.0
0.0
0.0
