0.0
0.0
0.0
0.0
0.0
0.0
0.0
0.0
0.0
0.0
0.0
0.0
0.0
0.0
0.0
0.0
0.0
0.0
0.0
0.0
0.0
0.0
0.0
0.0
0.0
0.0
0.0
0.0
0.0
0.0
0.0
0.0
0.0
0.0
0.0
0.0
0.0
0.0
0.0
0.0
0.0
0.0
0.0
0.0
0.0
0.0
0.0
0.0
0.0
0.0
0.0
0.0
0.0
0.0
0.0
0.0
0.0
0.0
0.0
0.0
0.0
0.0
0.0
0.0
0.0
0.0
0.0
0.0
0.0
0.0
0.0
0.0
0.0
0.0
0.0
0.0
0.0
0.0
0.0
0.0
0.0
0.0
0.0
0.0
0.0
0.0
0.0
0.0
0.0
0.0
0.0
0.0
0.0
0.0
0.0
0.0
0.0
0.0
0.0
0.0
0.0
0.0
0.0
0.0
0.0
0.0
0.0
0.0
0.0
0.0
0.0
0.0
0.0
0.0
0.0
0.0
0.0
0.0
0.0
0.0
0.0
0.0
0.0
0.0
0.0
0.0
0.0
0.0
0.0
0.0
0.0
0.0
0.0
0.0
0.0
0.0
0.0
0.0
0.0
0.0
0.0
0.0
0.0
0.0
0.0
0.0
0.0
0.0
0.0
0.0
0.0
0.0
0.0
0.0
0.0
0.0
0.0
0.0
0.0
0.0
0.0
0.0
0.0
0.0
0.0
0.0
0.0
0.0
0.0
0.0
0.0
0.0
0.0
0.0
0.0
0.0
0.0
0.0
0.0
0.0
0.0
0.0
0.16862745583057404
0.7176470756530762
0.9921568632125854
0.9921568632125854
0.8196078538894653
0.07058823853731155
0.0
0.0
0.0
0.0
0.0
0.0
0.0
0.0
0.0
0.0
0.0
0.0
0.0
0.0
0.0
0.0
0.0
0.0
0.0
0.0
0.0
0.27843138575553894
0.8901960849761963
0.9882352948188782
0.9882352948188782
0.9882352948188782
0.9882352948188782
0.4156862795352936
0.0
0.0
0.0
0.0
0.0
0.0
0.0
0.0
0.0
0.0
0.0
0.0
0.0
0.0
0.0
0.0
0.0
0.0
0.0
0.0784313753247261
0.6000000238418579
0.9764705896377563
0.9921568632125854
0.9607843160629272
0.9058823585510254
0.8039215803146362
0.8392156958580017
0.2078431397676468
0.0
0.0
0.0
0.0
0.0
0.0
0.0
0.0
0.0
0.0
0.0
0.0
0.0
0.0
0.0
0.0
0.0
0.0
0.08627451211214066
0.7921568751335144
0.9882352948188782
0.9882352948188782
0.9529411792755127
0.32156863808631897
0.0235294122248888
0.250980406999588
0.250980406999588
0.0
0.0
0.0
0.0
0.0
0.0
0.0
0.0
0.0
0.0
0.0
0.0
0.0
0.0
0.0
0.0
0.0
0.0
0.0
0.501960813999176
0.9882352948188782
0.9882352948188782
0.8156862854957581
0.13725490868091583
0.0
0.6000000238418579
0.9882352948188782
0.9882352948188782
0.3490196168422699
0.0
0.0
0.0
0.0
0.0
0.0
0.0
0.0
0.0
0.0
0.0
0.0
0.0
0.0
0.0
0.0
0.0
0.48235294222831726
0.9921568632125854
0.9921568632125854
0.9529411792755127
0.13725490868091583
0.16862745583057404
0.7176470756530762
0.9921568632125854
0.9921568632125854
0.9921568632125854
0.686274528503418
0.04313725605607033
0.0
0.0
0.0
0.0
0.0
0.0
0.0
0.0
0.0
0.0
0.0
0.0
0.0
0.0
0.0
0.45490196347236633
0.9921568632125854
0.9882352948188782
0.9607843160629272
0.32156863808631897
0.45490196347236633
0.8901960849761963
0.9882352948188782
0.9607843160629272
0.8784313797950745
0.9882352948188782
0.9921568632125854
0.24705882370471954
0.0
0.0
0.0
0.0
0.0
0.0
0.0
0.0
0.0
0.0
0.0
0.0
0.0
0.0
0.125490203499794
0.9098039269447327
0.9921568632125854
0.9882352948188782
0.8078431487083435
0.9098039269447327
0.9764705896377563
0.9921568632125854
0.7882353067398071
0.2823529541492462
0.6627451181411743
0.9882352948188782
0.9098039269447327
0.125490203499794
0.0
0.0
0.0
0.0
0.0
0.0
0.0
0.0
0.0
0.0
0.0
0.0
0.0
0.0
0.250980406999588
0.9882352948188782
0.9921568632125854
0.9882352948188782
0.9882352948188782
0.9882352948188782
0.9882352948188782
0.501960813999176
0.08235294371843338
0.05882352963089943
0.8823529481887817
0.9882352948188782
0.7254902124404907
0.0
0.0
0.0
0.0
0.0
0.0
0.0
0.0
0.0
0.0
0.0
0.0
0.0
0.0
0.0
0.14509804546833038
0.9215686321258545
0.9921568632125854
0.9882352948188782
0.9882352948188782
0.7137255072593689
0.23137255012989044
0.0
0.0
0.08627451211214066
0.9882352948188782
0.9882352948188782
0.4156862795352936
0.0
0.0
0.0
0.0
0.0
0.0
0.0
0.0
0.0
0.0
0.0
0.0
0.0
0.0
0.0
0.0
0.3490196168422699
0.8313725590705872
0.5137255191802979
0.2078431397676468
0.0
0.0
0.0
0.0
0.5686274766921997
0.9921568632125854
0.9921568632125854
0.3490196168422699
0.0
0.0
0.0
0.0
0.0
0.0
0.0
0.0
0.0
0.0
0.0
0.0
0.0
0.0
0.0
0.0
0.0
0.0
0.0
0.0
0.0
0.0
0.0
0.250980406999588
0.9686274528503418
0.9882352948188782
0.8509804010391235
0.0
0.0
0.0
0.0
0.0
0.0
0.0
0.0
0.0
0.0
0.0
0.0
0.0
0.0
0.0
0.0
0.0
0.0
0.0
0.0
0.0
0.0
0.0
0.0
0.5372549295425415
0.9882352948188782
0.9686274528503418
0.18431372940540314
0.0
0.0
0.0
0.0
0.0
0.0
0.0
0.0
0.0
0.0
0.0
0.0
0.0
0.0
0.0
0.0
0.0
0.0
0.0
0.0
0.0
0.0
0.0
0.21568627655506134
0.9098039269447327
0.9882352948188782
0.6352941393852234
0.0
0.0
0.0
0.0
0.0
0.0
0.0
0.0
0.0
0.0
0.0
0.0
0.0
0.0
0.0
0.0
0.0
0.0
0.0
0.0
0.0
0.0
0.0
0.0
0.7529411911964417
0.9882352948188782
0.9215686321258545
0.054901961237192154
0.0
0.0
0.0
0.0
0.0
0.0
0.0
0.0
0.0
0.0
0.0
0.0
0.0
0.0
0.0
0.0
0.0
0.0
0.0
0.0
0.0
0.0
0.0
0.658823549747467
1.0
0.9921568632125854
0.6000000238418579
0.0
0.0
0.0
0.0
0.0
0.0
0.0
0.0
0.0
0.0
0.0
0.0
0.0
0.0
0.0
0.0
0.0
0.0
0.0
0.0
0.0
0.0
0.0
0.2235294133424759
0.8823529481887817
0.9921568632125854
0.7411764860153198
0.019607843831181526
0.0
0.0
0.0
0.0
0.0
0.0
0.0
0.0
0.0
0.0
0.0
0.0
0.0
0.0
0.0
0.0
0.0
0.0
0.0
0.0
0.0
0.0
0.0784313753247261
0.9647058844566345
0.9882352948188782
0.9921568632125854
0.45490196347236633
0.0
0.0
0.0
0.0
0.0
0.0
0.0
0.0
0.0
0.0
0.0
0.0
0.0
0.0
0.0
0.0
0.0
0.0
0.0
0.0
0.0
0.0
0.0
0.08627451211214066
0.9882352948188782
0.9882352948188782
0.9921568632125854
0.24705882370471954
0.0
0.0
0.0
0.0
0.0
0.0
0.0
0.0
0.0
0.0
0.0
0.0
0.0
0.0
0.0
0.0
0.0
0.0
0.0
0.0
0.0
0.0
0.0
0.01568627543747425
0.5411764979362488
0.9882352948188782
0.7490196228027344
0.14509804546833038
0.0
0.0
0.0
0.0
0.0
0.0
0.0
0.0
0.0
0.0
0.0
0.0
0.0
0.0
0.0
0.0
0.0
0.0
0.0
0.0
0.0
0.0
0.0
0.0
0.0
0.0
0.0
0.0
0.0
0.0
0.0
0.0
0.0
0.0
0.0
0.0
0.0
0.0
0.0
0.0
0.0
0.0
0.0
0.0
0.0
0.0
0.0
0.0
0.0
0.0
0.0
0.0
0.0
0.0
0.0
0.0
0.0
0.0
0.0
0.0
0.0
0.0
0.0
0.0
0.0
0.0
0.0
0.0
